4294967278,346
4294967279,488
182,87
182,86
182,85
181,156
181,155
181,154
181,153
181,152
181,151
181,150
181,149
181,148
181,147
181,146
181,145
181,144
181,143
181,142
181,141
181,140
181,139
181,138
181,137
181,136
181,135
181,134
181,133
4294967278,208
4294967279,209
6,6
6,2
180,14
180,0
180,13
4294967278,381
4294967278,200
4294967278,380
4294967278,188
179,74
4294967279,187
4294967278,184
4294967279,302
4294967278,182
4294967278,179
4294967278,291
4294967278,173
61,6
4294967279,318
4294967278,171
4294967278,170
184,14
184,0
4294967278,318
179,73
179,72
179,71
4294967279,487
4294967279,410
4294967278,165
4294967278,317
6,5
4294967278,366
182,84
182,83
4294967279,440
4294967278,364
4294967279,449
4294967278,152
177,41
61,8
4294967278,313
4294967279,299
4294967278,311
4294967278,368
4294967279,296
4294967279,455
4294967278,275
4294967278,413
61,15
4294967278,338
4294967278,255
4294967279,438
4294967278,273
61,12
62,16
4294967278,285
4294967279,290
4294967278,412
4294967278,277
4294967279,284
62,15
4294967278,279
4294967279,414
4294967278,262
4294967279,287
4294967278,391
62,14
4294967279,262
4294967279,275
4294967278,383
4294967278,411
4294967278,410
62,11
4294967278,174
4294967279,106
4294967279,105
4294967279,104
4294967279,103
4294967279,102
4294967279,101
4294967279,100
4294967279,99
4294967279,98
4294967279,97
4294967279,96
4294967279,95
4294967279,94
4294967279,93
4294967279,92
4294967279,91
4294967279,437
4294967278,362
4294967278,297
4294967278,248
4294967278,247
4294967279,245
4294967278,241
180,12
4294967278,238
182,82
182,81
182,80
182,79
182,78
181,132
181,131
181,130
4294967278,237
61,11
61,7
62,10
62,9
62,8
62,7
62,6
61,5
179,70
179,69
4294967278,226
4294967279,226
4294967278,222
4294967279,222
179,68
4294967278,218
4294967278,213
4294967279,214
4294967278,212
4294967278,211
4294967278,210
177,40
177,39
4294967278,209
4294967279,401
182,77
4294967278,205
4294967279,122
4294967279,121
4294967279,120
4294967279,119
4294967279,118
4294967279,117
4294967279,116
4294967279,115
4294967279,114
4294967279,113
4294967279,112
4294967279,111
4294967279,110
4294967279,109
4294967279,108
4294967279,107
4294967279,398
4294967278,201
4294967279,454
182,76
182,75
4294967278,392
4294967279,201
181,129
181,128
181,127
181,126
181,125
181,124
181,123
181,122
181,121
181,120
181,119
181,118
181,117
181,116
181,115
181,114
181,113
181,112
181,111
181,110
181,109
181,108
181,107
4294967279,486
4294967278,197
180,11
180,10
4294967278,195
4294967278,193
4294967279,485
4294967294,1423
9,8
9,7
9,5
9,2
4294967279,390
4294967278,190
180,9
4294967278,189
4294967279,389
4294967278,409
9,9
4294967278,375
4294967278,20
4294967278,19
4294967278,18
4294967278,17
4294967278,14
4294967278,13
4294967278,12
4294967278,11
4294967278,10
4294967278,9
4294967278,8
4294967278,7
4294967278,6
4294967278,5
4294967278,4
4294967279,132
4294967279,131
4294967279,130
4294967279,129
4294967279,128
4294967279,127
4294967279,126
4294967279,125
4294967279,124
4294967279,123
4294967279,185
4294967278,183
179,67
4294967278,177
4294967279,175
179,66
4294967279,173
181,106
4294967278,168
4294967279,168
10,4
9,6
9,4
106,4
4294967278,166
6,4
4294967278,367
4294967279,423
4294967279,441
4294967278,157
4294967278,370
63,4
4294967278,23
4294967278,22
4294967278,21
4294967278,16
4294967278,15
4294967279,313
4294967279,484
4294967278,287
4294967278,24
177,38
4294967279,270
187,9
187,0
187,8
187,7
4294967278,265
4294967279,267
4294967279,266
187,6
187,5
187,4
187,3
187,2
187,1
4294967279,264
4294967294,1453
4294967294,397
4294967294,409
4294967294,186
4294967294,419
4294967294,924
4294967294,386
4294967294,407
4294967294,953
4294967294,167
4294967294,183
4294967294,398
4294967294,406
4294967294,420
4294967294,914
4294967294,954
4294967294,169
4294967294,469
4294967294,110
4294967294,451
4294967294,465
4294967279,483
182,74
182,0
179,65
179,0
4294967278,302
4294967278,335
4294967278,390
4294967294,1460
186,6
186,5
4294967278,250
186,4
186,3
186,2
186,1
4294967279,436
4294967294,955
4294967279,247
4294967278,245
177,37
177,36
177,5
93,5
92,4
93,4
93,6
181,105
184,13
181,104
181,103
181,102
181,101
181,100
181,99
177,35
177,34
177,33
177,6
177,32
177,31
3,9
3,35
184,12
181,98
181,97
4294967278,216
4294967278,358
62,4
4294967278,207
184,11
184,10
4294967279,207
4294967279,400
4294967278,329
184,9
4294967279,482
185,14
185,0
4294967278,324
184,8
184,7
4294967279,252
61,4
4294967279,260
4294967279,169
4294967279,481
4294967279,312
4294967278,256
4294967278,37
4294967278,36
4294967278,35
4294967278,34
4294967278,33
4294967278,32
4294967278,31
4294967278,30
4294967278,29
4294967278,28
4294967278,27
4294967278,26
4294967278,25
4294967278,260
4294967279,25
4294967279,22
4294967279,21
4294967279,19
4294967279,17
4294967279,16
4294967279,14
4294967279,13
4294967279,12
4294967279,11
4294967278,309
4294967278,137
4294967279,278
4294967278,307
4294967279,294
4294967278,284
179,64
179,38
179,37
179,36
185,13
185,12
185,11
185,10
185,9
185,8
185,7
185,6
185,5
185,4
185,3
185,2
185,1
4294967279,480
91,4
4294967294,1445
4294967294,1446
4294967294,477
181,96
182,73
182,72
182,71
182,70
182,69
182,68
179,35
179,34
179,33
179,32
179,31
179,30
4294967279,308
4294967279,307
179,29
179,28
179,27
179,26
4294967279,305
179,25
179,24
179,23
179,22
4294967278,221
179,21
4294967279,174
179,20
179,19
179,18
179,17
4294967294,1426
179,16
179,15
179,14
177,30
177,29
177,28
177,27
177,26
177,25
177,24
177,23
177,22
177,21
177,20
177,19
177,18
177,17
177,16
177,15
177,14
3,66
3,65
3,77
3,76
3,75
3,74
3,68
3,67
3,72
3,71
3,70
3,64
3,36
177,13
3,69
33,6
177,12
184,6
4294967279,231
4294967279,229
184,5
184,4
184,3
184,2
184,1
4294967279,221
4294967278,219
4294967279,219
4294967278,0
180,8
180,7
4294967279,208
4294967294,99
4294967279,206
183,0
183,6
4294967279,205
183,5
183,4
4294967279,204
183,3
183,2
183,1
4294967294,44
4294967294,480
4294967294,86
4294967294,42
182,67
182,66
182,65
182,64
182,38
182,37
182,36
182,35
182,34
43,12
43,11
4,80
4294967279,199
181,95
4294967278,196
4294967279,197
4294967294,5
182,33
182,32
182,31
4294967278,294
181,94
4294967279,190
4294967279,189
182,30
181,93
182,29
182,28
182,27
182,26
182,25
182,24
182,23
182,22
182,21
182,20
182,19
182,18
182,17
182,16
182,15
182,14
182,13
182,12
182,11
182,10
182,9
4294967279,184
181,92
181,91
177,11
4294967279,178
4294967279,177
181,90
4294967278,175
4294967279,176
181,89
181,88
4,82
4,81
181,87
181,86
4294967278,164
181,85
181,0
177,10
3,34
181,84
181,83
181,82
181,81
181,80
181,79
181,78
181,77
181,76
181,75
181,74
181,73
181,72
4294967278,156
4294967279,156
181,71
181,70
4294967278,155
4294967278,154
181,69
181,68
181,67
181,66
181,65
181,64
4294967278,151
181,38
181,37
181,36
181,35
181,34
181,33
181,32
181,31
181,30
4294967278,310
4294967279,143
4294967278,142
4294967279,142
4294967279,141
181,29
181,28
181,27
181,26
181,25
181,24
181,23
181,22
181,21
181,20
181,19
4,79
4,78
177,9
177,8
3,32
4294967279,136
181,18
181,17
181,16
181,15
182,8
182,7
4294967279,273
4294967294,43
4294967279,271
182,6
4294967278,282
182,5
182,4
182,3
182,2
182,1
4294967279,269
4294967294,1459
4294967294,1432
4294967294,1449
4294967279,289
4294967279,265
177,7
181,14
181,13
181,12
181,11
181,10
181,9
181,8
181,7
4294967294,1458
181,6
181,5
4294967278,306
181,4
